,X1,X2,X3,X4,X5,X6,X7,X8
X1,1.000,0.257,0.451,-0.114,-0.228,0.106,-0.091,0.852
X2,0.257,1.000,0.412,0.121,0.467,0.342,0.110,0.444
X3,0.451,0.412,1.000,0.125,-0.027,0.387,0.013,0.603
X4,-0.114,0.121,0.125,1.000,0.725,0.658,0.229,-0.062
X5,-0.228,0.467,-0.027,0.725,1.000,0.329,0.336,-0.161
X6,0.106,0.342,0.387,0.658,0.329,1.000,0.146,0.216
X7,-0.091,0.110,0.013,0.229,0.336,0.146,1.000,-0.011
X8,0.852,0.444,0.603,-0.062,-0.161,0.216,-0.011,1.000
