,X1,X2,X3,X4,X5,X6,X7,X8
X1,0.247,0.032,0.057,-0.014,-0.027,0.013,-0.011,0.132
X2,0.032,0.248,0.051,0.015,0.058,0.044,0.013,0.055
X3,0.057,0.051,0.243,0.015,-0.003,0.049,0.001,0.074
X4,-0.014,0.015,0.015,0.248,0.096,0.093,0.027,-0.007
X5,-0.027,0.058,-0.003,0.096,0.235,0.040,0.039,-0.018
X6,0.013,0.044,0.049,0.093,0.040,0.250,0.017,0.026
X7,-0.011,0.013,0.001,0.027,0.039,0.017,0.237,-0.001
X8,0.132,0.055,0.074,-0.007,-0.018,0.026,-0.001,0.236
