,X1,X2,X3,X4,X5,X6,X7,X8
X1,1.000,0.130,0.231,-0.057,-0.111,0.053,-0.044,0.546
X2,0.130,1.000,0.210,0.060,0.241,0.175,0.053,0.228
X3,0.231,0.210,1.000,0.062,-0.013,0.199,0.006,0.309
X4,-0.057,0.060,0.062,1.000,0.400,0.374,0.112,-0.030
X5,-0.111,0.241,-0.013,0.400,1.000,0.163,0.166,-0.075
X6,0.053,0.175,0.199,0.374,0.163,1.000,0.071,0.106
X7,-0.044,0.053,0.006,0.112,0.166,0.071,1.000,-0.005
X8,0.546,0.228,0.309,-0.030,-0.075,0.106,-0.005,1.000
